$ANSIBLE_VAULT;1.1;AES256
38613933386233383630313061376462663630386466323533653034656235363938376338313034
6638313265643265376132613733393533373766613131300a326632666238623135633939366561
37376331666166306535336561643138373136306562623133653763306462666563343033666534
3735393437323336610a346564386165353130636238326530363535373162323430373165373062
33383666633534626238656635396636613438303437366633656639646566383237646461306535
65303662643738373937356635323739393432656630396634373462313135346334383538393532
37633861643933653834636638336636626135666138373666613466323234356338383962306534
32653235656363613936626136643737633630326534386261373863316161343161383066656239
30393231376234316239333139646162316264323466373238663932613039613930393866643831
65393261356533366435346330633032366136353035653033306266386662343163613339316539
66383465323530653434616631313664623464633734636438353236663834363162343931393764
64643062653236336339633433646233323839396139643966626232393637353930326538326431
36653966623762336365396639316133656136316366373436616261393230396135666464613763
63666464393061383337633266303566333536353330623633323963643464383734653933363737
613631386631383933353431643461356462
